=== Plot 4 Table ===
시간대구분
0     833.398132
1     832.685608
2     832.302979
3     832.019226
4     832.023376
5     833.113037
6     836.467773
7     846.576477
8     859.760925
9     869.519958
10    874.602173
11    877.882019
12    881.137573
13    883.541443
14    884.524231
15    883.961365
16    881.988770
17    877.840515
18    869.336731
19    860.172607
20    854.358215
21    848.607544
22    842.406738
23    835.672241

=== Plot 5 Table ===
성별
남자    802.823792
여자    910.834473

=== Plot 6 Table ===
연령대
0세부터9세       831.520081
10세부터14세     447.420135
15세부터19세     627.485291
20세부터24세     877.306213
25세부터29세     982.757751
30세부터34세     927.309143
35세부터39세    1082.912842
40세부터44세    1001.926758
45세부터49세    1075.036743
50세부터54세     895.940857
55세부터59세     866.957520
60세부터64세     669.231262
65세부터69세     492.930969
70세이상       1216.872925

=== Plot 7 Pivot Table ===
성별             남자          여자
시간대구분                        
0      782.366760  884.429565
1      781.533508  883.837708
2      781.073669  883.532227
3      780.709778  883.328674
4      780.684570  883.362183
5      782.119934  884.106201
6      785.822937  887.112549
7      795.571960  897.580933
8      806.455261  913.066589
9      814.188660  924.851135
10     817.859863  931.344543
11     820.002625  935.761536
12     822.544678  939.730530
13     824.562378  942.520508
14     825.484375  943.564148
15     825.402039  942.520752
16     824.456421  939.520996
17     821.366638  934.314453
18     814.497314  924.176208
19     806.482727  913.862366
20     801.630249  907.086182
21     796.757385  900.457764
22     791.400085  893.413391
23     784.797058  886.547363

=== Plot 8 Table ===
기준일ID
20260601    246595568.0
20260602    247213904.0
20260603    238892560.0
20260604    246447616.0
20260605    246303008.0
20260606    237592496.0
20260607    237312272.0
20260608    246812080.0
20260609    247514464.0
20260610    247692880.0
20260611    247557328.0
20260612    246767040.0
20260613    239720240.0
20260614    237762160.0
20260615    246634160.0
20260616    247062880.0
20260617    246989488.0
20260618    247011712.0
20260619    246214336.0
20260620    239598528.0
20260621    237921904.0
20260622    246293248.0
20260623    246862816.0
20260624    246895232.0
20260625    246715920.0
20260626    245513008.0
20260627    238015712.0
20260628    236230240.0
20260629    245396720.0
20260630    246499008.0

=== Plot 9 Pivot Table ===
연령대        0세부터9세    10세부터14세    15세부터19세    20세부터24세     25세부터29세    30세부터34세     35세부터39세     40세부터44세     45세부터49세    50세부터54세    55세부터59세    60세부터64세    65세부터69세        70세이상
시간대구분                                                                                                                                                                             
0      829.459229  443.485168  609.919128  847.234192   943.108704  888.603210  1036.734009   961.364441  1037.816772  869.842163  848.013916  659.421143  487.201172  1205.370239
1      829.715393  443.466553  609.344971  845.650757   941.398926  887.215088  1035.493652   960.275330  1036.906494  869.311584  847.576721  659.088196  487.003143  1205.152100
2      829.713074  443.426453  609.082153  844.763062   940.341919  886.440979  1034.779053   959.724548  1036.454590  869.197937  847.428467  658.888123  486.887726  1205.113892
3      829.741821  443.445190  608.917664  844.079407   939.527344  885.713989  1034.165161   959.250732  1036.188232  869.084656  847.426331  658.845947  486.864227  1205.018677
4      829.617004  443.460846  608.792603  843.508240   939.017944  885.471985  1034.129761   959.126892  1036.306152  869.147705  847.831421  659.313293  487.134369  1205.468994
5      829.733582  443.504059  608.726318  843.328369   939.276733  886.184204  1035.299927   961.023682  1038.226562  871.184753  850.141418  661.128906  488.229614  1207.594604
6      829.977600  443.633179  610.518005  843.875000   941.864258  889.887817  1042.541626   969.047119  1046.782959  877.884766  854.825012  662.452698  488.818207  1208.440186
7      830.848694  444.683838  618.476562  850.244812   957.365967  907.946411  1066.910889   990.979858  1066.784668  891.581421  863.182007  664.597107  489.390381  1209.077271
8      828.711304  446.734985  622.699463  862.880005   983.083801  935.229492  1098.003906  1015.645386  1087.964722  905.959961  872.704895  669.811340  492.045746  1215.177856
9      831.169434  448.163086  627.862732  874.714294   998.160461  950.832336  1117.072632  1032.485107  1102.194214  915.434570  880.386169  675.117188  495.728485  1223.957764
10     833.732361  449.368042  631.988220  883.007446  1005.521790  957.896729  1125.892578  1040.088501  1108.562378  919.330322  883.598694  677.571838  497.748749  1230.122803
11     835.854858  450.315521  636.173340  892.142212  1012.507690  963.517700  1131.206055  1044.208862  1111.675659  920.678162  884.088257  677.639221  498.001404  1232.339966
12     837.415955  451.197449  640.450623  901.188293  1019.899902  968.452759  1135.336548  1047.399658  1114.869629  922.892761  885.676636  678.399292  498.572327  1234.174316
13     838.617310  451.688812  643.612244  908.525940  1024.837524  971.337646  1137.395630  1049.279907  1116.910034  924.608398  887.464966  679.892639  499.637329  1235.771362
14     839.202148  452.132385  645.995544  913.540039  1027.759399  972.140381  1136.997314  1048.857300  1117.151489  924.890015  888.080444  680.679016  500.264099  1235.650269
15     837.226746  451.902344  647.391174  917.250366  1029.630005  971.691528  1134.779053  1046.959961  1115.836426  923.867981  887.337952  680.124084  499.738037  1231.723877
16     834.215027  451.576691  647.122131  918.860474  1030.827515  970.151245  1130.745972  1042.920410  1112.373291  921.219604  884.735535  678.567993  498.492462  1226.033936
17     829.602295  451.278809  647.026917  917.146545  1028.508423  965.125854  1121.460571  1034.437622  1104.964722  915.934998  880.167908  676.218933  497.035461  1220.858887
18     827.257812  450.505554  644.828247  910.723694  1015.537292  949.947632  1101.295044  1016.298523  1088.778809  904.951904  873.242981  673.682251  495.820679  1217.844482
19     826.987183  449.603821  641.061157  900.681396   998.320740  932.567749  1080.856079   998.719727  1072.785156  894.124512  866.740356  670.799072  494.339905  1214.829224
20     827.624634  448.368744  636.738831  891.973816   986.245422  921.772827  1068.947754   989.067749  1064.233521  888.496948  863.228882  669.061035  492.993500  1212.261475
21     828.293335  447.034637  630.530212  880.787292   974.152039  912.199280  1059.206177   981.148560  1057.211426  883.470886  859.190796  666.460754  491.203278  1209.617188
22     832.312439  445.338715  620.022034  866.815979   961.091370  902.632690  1050.247192   973.244080  1049.123901  877.723816  854.497009  663.544739  489.607819  1207.492920
23     829.452271  443.767639  612.366760  852.427368   948.200134  892.458435  1040.410889   964.686768  1040.777954  871.760742  849.414124  660.245422  487.584717  1205.857788

=== Plot 10 Pivot Table ===
성별                 남자           여자
기준일ID                             
20260601  115480760.0  131114808.0
20260602  115602504.0  131611392.0
20260603  111631608.0  127260944.0
20260604  115288368.0  131159248.0
20260605  115334184.0  130968824.0
20260606  111677560.0  125914936.0
20260607  111648288.0  125663984.0
20260608  115638832.0  131173240.0
20260609  115642776.0  131871696.0
20260610  115630792.0  132062080.0
20260611  115601544.0  131955784.0
20260612  115475872.0  131291168.0
20260613  112561504.0  127158744.0
20260614  111803952.0  125958208.0
20260615  115502056.0  131132112.0
20260616  115369720.0  131693160.0
20260617  115314576.0  131674912.0
20260618  115438336.0  131573384.0
20260619  115321960.0  130892376.0
20260620  112663136.0  126935400.0
20260621  111954080.0  125967824.0
20260622  115516128.0  130777128.0
20260623  115518752.0  131344072.0
20260624  115482272.0  131412952.0
20260625  115442360.0  131273560.0
20260626  114999136.0  130513880.0
20260627  111798000.0  126217720.0
20260628  111196184.0  125034056.0
20260629  115193384.0  130203336.0
20260630  115476024.0  131022976.0
